6 0.106897 0.274029 0.116564 0.094070
6 0.391151 0.281186 0.071575 0.104294
1 0.033278 0.525562 0.059305 0.110429
6 0.420803 0.604294 0.171779 0.231084
6 0.795036 0.423313 0.118609 0.106339
6 0.480108 0.214724 0.081800 0.094070
8 0.210169 0.084867 0.134969 0.092025
8 0.815486 0.151329 0.118609 0.118609
8 0.621212 0.115542 0.126789 0.108384
8 0.461703 0.043967 0.130879 0.087934
8 0.642684 0.755624 0.112474 0.112474
8 0.196877 0.678937 0.202454 0.282209
8 0.856386 0.300613 0.171779 0.130879
8 0.592582 0.241309 0.081800 0.094070