6 0.509760 0.294479 0.312883 0.490798
1 0.493400 0.763804 0.226994 0.447853
8 0.823666 0.612474 0.167689 0.276074
8 0.861498 0.116564 0.124744 0.130879
8 0.724484 0.100204 0.112474 0.196319
6 0.054750 0.067485 0.049080 0.057260
6 0.032255 0.290389 0.053170 0.032720
6 0.061907 0.600204 0.034765 0.055215
6 0.153932 0.329243 0.047035 0.053170
6 0.314464 0.384458 0.032720 0.044990
6 0.240844 0.451943 0.053170 0.040900
6 0.267429 0.524540 0.069530 0.059305
8 0.181539 0.829243 0.139059 0.341513
8 0.913878 0.352761 0.172244 0.239264