6 0.506693 0.704499 0.049080 0.087935
6 0.287879 0.525562 0.069530 0.114519
6 0.374791 0.392638 0.055215 0.151329
6 0.746979 0.264826 0.042945 0.059305
6 0.145752 0.491820 0.055215 0.120654
6 0.204034 0.498978 0.032720 0.073620
6 0.281744 0.434560 0.065440 0.047035
1 0.717327 0.547035 0.061350 0.124744
1 0.687674 0.341513 0.059305 0.094070
6 0.824689 0.517382 0.051125 0.094070
6 0.804239 0.622699 0.047035 0.047035
6 0.880926 0.634969 0.044990 0.059305
6 0.209147 0.362986 0.083845 0.079755
6 0.462725 0.488753 0.051125 0.081800
6 0.043502 0.117587 0.071575 0.087935