6 0.041690 0.730061 0.083380 0.208589
6 0.292991 0.184049 0.075665 0.098160
1 0.268451 0.470348 0.149284 0.188139
1 0.513850 0.435583 0.079755 0.065440
1 0.417736 0.536810 0.100204 0.067485
1 0.474995 0.630879 0.112474 0.059305
1 0.564975 0.516360 0.100204 0.071575
1 0.617122 0.688139 0.069530 0.075665
1 0.209147 0.714724 0.063395 0.051125
1 0.457613 0.728016 0.147239 0.102249
1 0.663134 0.322086 0.096115 0.079755
1 0.851273 0.231084 0.059305 0.094070
1 0.449433 0.374233 0.057260 0.081800
1 0.845138 0.414110 0.169734 0.141104
1 0.065997 0.458078 0.038855 0.085890
8 0.459658 0.089980 0.249489 0.179959
8 0.431028 0.894683 0.294479 0.198364
8 0.081567 0.169734 0.163134 0.339468