1 0.404443 0.657464 0.241309 0.476483
8 0.797081 0.849693 0.216769 0.300613
8 0.054982 0.335378 0.109964 0.278119
8 0.201989 0.472393 0.114519 0.134969
1 0.172337 0.250511 0.055215 0.132924
1 0.291969 0.094070 0.073620 0.098160
1 0.807306 0.412065 0.114519 0.087935
1 0.570087 0.038855 0.053170 0.077710
1 0.568042 0.247444 0.081800 0.077710
8 0.922848 0.598160 0.067485 0.124744
8 0.044757 0.609407 0.089514 0.155419
8 0.934096 0.164622 0.118609 0.329243
8 0.251069 0.235174 0.061350 0.184049
8 0.687674 0.524540 0.104294 0.153374