6 0.082590 0.896728 0.165179 0.206544
6 0.713237 0.057260 0.175869 0.114519
2 0.910811 0.146217 0.178378 0.292434
2 0.596672 0.231084 0.196319 0.265849
1 0.555772 0.743354 0.327198 0.513292
6 0.973183 0.491820 0.053634 0.087935
6 0.452500 0.294479 0.079755 0.134969
6 0.259249 0.428425 0.049080 0.079755
6 0.368656 0.415133 0.038855 0.044990
6 0.763339 0.559305 0.038855 0.120654
6 0.957613 0.881391 0.042945 0.061350
6 0.421826 0.030675 0.124744 0.061350
6 0.568042 0.055215 0.094070 0.085890
1 0.278676 0.700409 0.137014 0.149284
1 0.166202 0.148262 0.194274 0.259714
1 0.344116 0.200409 0.120654 0.331288