6 0.235732 0.142127 0.169734 0.112474
6 0.828779 0.229039 0.267894 0.212679
6 0.510783 0.380368 0.061350 0.098160
6 0.664157 0.341513 0.073620 0.122699
6 0.703012 0.528630 0.081800 0.116564
6 0.883993 0.604294 0.169734 0.132924
1 0.306284 0.734151 0.421268 0.249489
1 0.355363 0.541922 0.310838 0.122699
6 0.366611 0.262781 0.116564 0.120654
6 0.527143 0.216769 0.196319 0.151329
6 0.042712 0.302658 0.085424 0.126789
6 0.023285 0.769939 0.046570 0.096115
6 0.261294 0.402863 0.179959 0.122699
6 0.602807 0.531697 0.069530 0.089980
6 0.585425 0.660532 0.120654 0.118609
6 0.756181 0.752556 0.147239 0.114519