6 0.769474 0.122699 0.063395 0.085890
6 0.918758 0.730061 0.153374 0.175869
6 0.924893 0.406953 0.087935 0.102249
6 0.423871 0.415133 0.226994 0.155419
1 0.762316 0.321063 0.147239 0.151329
1 0.090537 0.811861 0.108384 0.204499
1 0.231642 0.853783 0.120654 0.104294
1 0.201989 0.481595 0.053170 0.092025
1 0.096672 0.387526 0.079755 0.153374
6 0.331846 0.577710 0.120654 0.145194
6 0.610987 0.436605 0.126789 0.243354
6 0.934096 0.552147 0.053170 0.089980
6 0.573155 0.024540 0.079755 0.049080
6 0.792991 0.568507 0.073620 0.155419