8 0.199944 0.102249 0.159509 0.130879
8 0.486243 0.044990 0.147239 0.089980
8 0.658022 0.114519 0.065440 0.098160
8 0.860476 0.255624 0.179959 0.249489
8 0.642684 0.939673 0.132924 0.112474
8 0.171314 0.939673 0.122699 0.120654
8 0.221417 0.788344 0.165644 0.137014
8 0.480108 0.573620 0.089980 0.112474
6 0.809351 0.513292 0.130879 0.130879
6 0.817531 0.723926 0.081800 0.069530
6 0.420803 0.751534 0.188139 0.267894
6 0.388083 0.334356 0.073620 0.100204
6 0.479085 0.255624 0.096115 0.077710
6 0.098717 0.337423 0.104294 0.130879
1 0.026352 0.625767 0.052704 0.122699