3 0.623257 0.627812 0.106339 0.319018
2 0.407511 0.714724 0.116564 0.218814
2 0.264361 0.091002 0.345603 0.157464
2 0.260271 0.491820 0.141104 0.120654
2 0.500558 0.288344 0.065440 0.089980
2 0.050892 0.521472 0.101784 0.192229
2 0.639617 0.042945 0.134969 0.085890
2 0.058840 0.891616 0.098160 0.216768
1 0.294014 0.936605 0.188139 0.126789
1 0.728574 0.393661 0.100204 0.132924
4 0.519985 0.147239 0.100204 0.155419
6 0.303216 0.251534 0.128834 0.098160
6 0.705057 0.920245 0.065440 0.057260
2 0.239821 0.721881 0.182004 0.175869
6 0.562930 0.380368 0.026585 0.049080