6 0.828779 0.367076 0.267894 0.182004
6 0.565997 0.429448 0.094070 0.106339
6 0.698922 0.574642 0.323108 0.139059
6 0.829801 0.223926 0.163599 0.108384
6 0.191764 0.403885 0.269939 0.141104
6 0.059072 0.498978 0.118144 0.139059
6 0.199944 0.704499 0.155419 0.120654
6 0.529188 0.792434 0.200409 0.226994
6 0.050892 0.671779 0.101784 0.141104
1 0.219372 0.885481 0.345603 0.200409
6 0.437163 0.472393 0.073620 0.036810
6 0.352296 0.571575 0.149284 0.157464
6 0.408533 0.068507 0.061350 0.071575
6 0.703012 0.199387 0.049080 0.059305
6 0.408533 0.298569 0.106339 0.073620
8 0.571110 0.128834 0.149284 0.155419
8 0.030210 0.346626 0.053170 0.137014