1 0.275609 0.782209 0.261759 0.292434
6 0.516918 0.160532 0.061350 0.145194
6 0.708124 0.601227 0.104294 0.130879
6 0.885016 0.837423 0.179959 0.300613
6 0.506693 0.472393 0.110429 0.179959
6 0.581335 0.323108 0.087935 0.122699
6 0.659044 0.081800 0.112474 0.163599
6 0.232664 0.139059 0.188139 0.278118
6 0.446365 0.056237 0.047035 0.071575
6 0.281744 0.465235 0.261759 0.321063
6 0.807306 0.323108 0.069530 0.073620
6 0.961935 0.595092 0.076129 0.098160
6 0.547592 0.854806 0.130879 0.274029
6 0.594627 0.622699 0.065440 0.128834