6 0.883993 0.402863 0.190184 0.085890
6 0.743911 0.234151 0.098160 0.214724
6 0.775609 0.063395 0.145194 0.126789
6 0.952733 0.163599 0.094534 0.196319
6 0.857408 0.246421 0.083845 0.141104
6 0.911833 0.647239 0.176334 0.312883
6 0.299126 0.713701 0.128834 0.184049
6 0.396263 0.529652 0.196319 0.139059
6 0.567020 0.286299 0.231084 0.286299
6 0.724484 0.613497 0.124744 0.220859
6 0.149842 0.325153 0.206544 0.159509
6 0.487265 0.059305 0.132924 0.118609
6 0.378881 0.303681 0.108384 0.239264
8 0.588492 0.783231 0.114519 0.126789
8 0.161089 0.133947 0.163599 0.157464