8 0.853318 0.743354 0.075665 0.206544
8 0.948643 0.290389 0.102714 0.257669
8 0.723462 0.161554 0.139059 0.102249
8 0.169269 0.797546 0.175869 0.155419
8 0.680517 0.952965 0.143149 0.094070
8 0.901608 0.938650 0.196784 0.122699
6 0.335936 0.507157 0.051125 0.044990
6 0.281744 0.207566 0.049080 0.055215
6 0.193809 0.568507 0.040900 0.077710
6 0.092582 0.523517 0.038855 0.081800
6 0.492378 0.119632 0.061350 0.083845
1 0.936141 0.040900 0.077710 0.057260
6 0.780721 0.532720 0.049080 0.087935
6 0.068042 0.042945 0.055215 0.053170
2 0.129392 0.192229 0.108384 0.106339
6 0.169269 0.397751 0.061350 0.087935
5 0.525098 0.143149 0.159509 0.253579
5 0.594627 0.367076 0.102249 0.157464
5 0.483175 0.558282 0.132924 0.241309
5 0.665179 0.654397 0.165644 0.139059
5 0.347183 0.632924 0.118609 0.161554
5 0.780721 0.038855 0.114519 0.077710
6 0.071110 0.618609 0.077710 0.100204